0 90 111 131 25 29 71 113 161 58 119 122 187 232 250 293 308 293 278 258 205
90 0 21 41 65 119 161 203 251 148 209 212 277 322 340 383 398 383 368 348 295
111 21 0 20 86 140 182 224 272 118 179 182 298 343 361 404 419 404 389 369 316
131 41 20 0 106 160 202 244 292 98 159 172 227 272 290 333 348 392 318 357 336
25 65 86 106 0 54 96 138 186 83 144 147 212 257 275 318 333 318 303 283 230
29 119 140 160 54 0 42 84 132 87 148 151 154 199 217 260 279 261 239 229 176
71 161 182 202 96 42 0 42 90 96 172 147 112 157 175 218 233 219 203 184 134
113 203 224 244 138 84 42 0 48 163 136 99 70 115 133 176 191 235 161 200 130
161 251 272 292 186 132 90 48 0 186 42 39 58 61 121 164 179 191 149 156 102
58 148 118 98 83 87 96 163 186 0 61 74 129 174 192 235 250 194 220 259 313
119 209 179 159 144 148 172 136 42 61 0 32 96 141 159 202 217 261 187 226 280
122 212 182 172 147 151 147 99 39 74 32 0 65 110 128 171 186 230 156 195 249
187 277 298 227 212 154 112 70 58 129 96 65 0 45 63 106 121 165 91 130 184
232 322 343 272 257 199 157 115 61 174 141 110 45 0 72 115 130 120 46 85 139
250 340 361 290 275 217 175 133 121 192 159 128 63 72 0 57 74 192 118 157 211
293 383 404 333 318 260 218 176 164 235 202 171 106 115 57 0 17 185 101 120 174
308 398 419 348 333 279 233 191 179 250 217 186 121 130 74 17 0 68 84 103 157
293 383 404 392 318 261 219 235 191 194 261 230 165 120 192 185 68 0 51 35 89
278 368 389 318 303 239 203 161 149 220 187 156 91 46 118 101 84 51 0 61 82
258 348 369 357 283 229 184 200 156 259 226 195 180 85 157 120 103 35 61 0 54
205 295 316 336 230 176 134 130 102 313 280 249 184 139 211 174 157 89 82 54 0